,國文,英文,數學,社會,自然
0,6,15,7,8,11
1,6,7,9,12,10
2,13,6,15,13,13
3,15,15,14,9,11
4,6,15,9,10,12
5,9,14,13,15,11
6,8,10,8,7,9
7,8,9,13,9,12
8,13,6,7,8,7
9,7,12,7,9,13
10,10,14,9,13,13
11,7,14,10,8,9
12,8,13,9,13,6
13,11,8,7,6,10
14,12,11,13,6,7
15,10,10,6,12,12
16,10,14,6,15,8
17,6,12,12,8,10
18,13,9,9,11,12
19,9,12,6,12,7
20,8,8,9,15,12
21,7,15,13,15,11
22,7,7,7,8,14
23,10,14,13,7,7
24,9,12,9,12,8
25,15,6,11,12,11
26,15,14,13,10,10
27,9,15,10,9,8
28,10,13,8,10,15
29,14,11,8,12,6
30,13,12,9,8,10
31,9,10,10,12,14
32,8,11,13,10,15
33,12,7,15,12,9
34,10,7,7,8,11
35,11,13,11,11,6
36,14,11,13,13,8
37,7,9,15,12,15
38,11,15,8,14,8
39,8,15,12,6,14
40,11,9,10,13,7
41,6,8,14,7,15
42,13,6,9,8,11
43,9,14,14,9,12
44,9,14,9,8,11
45,6,7,12,11,12
46,10,9,13,7,8
47,11,6,7,9,15
48,15,10,7,11,14
49,15,13,10,9,7
50,8,11,7,7,10
51,14,8,13,6,11
52,8,8,13,6,8
53,11,9,15,9,12
54,15,9,13,10,10
55,9,6,14,6,12
56,6,8,12,8,7
57,9,14,8,6,10
58,11,11,15,15,13
59,10,8,15,7,11
60,14,7,8,10,14
61,13,12,9,15,9
62,14,10,8,15,12
63,9,11,9,8,14
64,9,8,14,12,11
65,7,13,11,9,10
66,10,7,8,13,12
67,9,7,10,15,14
68,13,13,10,7,6
69,10,12,9,6,10
70,8,15,6,7,13
71,14,12,11,9,6
72,11,7,8,14,8
73,10,14,9,7,11
74,7,15,6,7,8
75,7,8,9,15,15
76,15,12,7,6,8
77,7,15,7,10,6
78,15,12,8,8,10
79,10,10,15,7,10
80,11,12,14,8,15
81,11,7,15,9,11
82,9,11,9,7,8
83,8,11,8,11,7
84,9,15,6,8,11
85,7,11,13,11,8
86,11,6,10,10,15
87,12,13,7,12,11
88,7,12,7,12,15
89,13,8,11,13,9
90,14,7,14,12,11
91,11,11,8,14,12
92,7,8,11,6,12
93,10,10,7,10,10
94,6,13,7,13,15
95,6,13,6,13,9
96,6,8,11,6,8
97,15,6,8,13,9
98,8,15,12,13,14
